010010,,01,01,23.2
010010,,01,21,20.8
010010,,02,10,23.0
010010,,03,02,19.6
010010,,03,23,16.0
010010,,04,12,23.9
010010,,05,02,23.7
010010,,05,22,28.4
010010,,06,12,38.1
010010,,07,02,34.9
010010,,07,22,43.0
010010,,08,11,41.0
010010,,08,31,41.7
010010,,09,20,37.8
010010,,10,10,43.7
010010,,10,30,34.2
010010,,11,19,24.3
010010,,12,09,11.5
010010,,12,29,14.7
010050,,01,18,7.3
010050,,02,07,10.6
010050,,02,27,17.8
010050,,03,19,10.4
010050,,04,08,14.7
010050,,04,28,11.5
010050,,05,18,31.3
010050,,06,08,34.0
010050,,06,28,36.7
010050,,07,18,43.7
010050,,08,07,40.8
010050,,08,27,40.3
010050,,09,16,36.3
010070,,02,03,12.2
010070,,03,03,15.7
010070,,03,28,12.9
010070,,04,17,13.6
010080,,10,19,15.6
010080,,11,08,26.6
010080,,11,28,18.6
010080,,12,18,10.3
010100,,01,08,21.6
010100,,01,28,35.3
010100,,02,17,31.5
010100,,03,09,33.7
010100,,03,29,30.7
010100,,04,18,36.9
010100,,05,08,40.6
010100,,05,28,31.1
010100,,06,18,44.5
010100,,07,08,43.0
010100,,07,28,52.8
010100,,08,17,46.1
010100,,09,06,43.5
010100,,09,26,46.1
010100,,10,16,45.5
010100,,11,05,41.7
010100,,11,25,37.6
010100,,12,15,25.9
010140,,02,11,24.8
010140,,03,29,31.5
010230,,01,03,33.1
010230,,01,23,26.4
010230,,02,12,6.5
010230,,03,04,34.8
010230,,03,24,29.4
010230,,04,13,27.3
010230,,05,03,36.3
010230,,05,23,38.9
010230,,06,13,45.4
010230,,07,03,45.4
010230,,07,23,58.3
010230,,08,13,49.2
010230,,09,02,45.2
010230,,09,22,41.3
010230,,10,12,37.4
010230,,11,01,0.4
010230,,11,21,19.7
010230,,12,11,25.3
010230,,12,31,14.9
010250,,01,20,13.7
010250,,02,09,30.1
010250,,03,01,27.3
010250,,03,21,39.8
010250,,04,10,30.1
010250,,04,30,40.8
010250,,05,20,44.8
010250,,06,10,40.6
010250,,06,30,51.2
010250,,07,20,46.3
010250,,08,10,53.8
010250,,08,30,46.6
010250,,09,19,45.0
010250,,10,09,36.1
010250,,10,29,24.6
010250,,11,18,23.4
010250,,12,08,27.0
010250,,12,29,15.6
010280,,01,18,7.5
010280,,02,07,21.2
010280,,02,27,22.8
010280,,03,19,23.2
010280,,04,08,15.8
010280,,04,28,23.7
010280,,05,18,33.6
010280,,06,08,32.2
010280,,06,28,37.9
010280,,07,18,35.6
010280,,08,07,38.3
010280,,08,27,39.6
010280,,09,16,40.1
010280,,10,06,34.9
010280,,10,26,17.8
010280,,11,15,24.6
010280,,12,05,24.1
010280,,12,25,-5.1
010330,,01,18,26.6
010330,,02,17,32.3
010330,,03,13,39.2
010330,,04,02,34.2
010330,,04,23,43.2
010330,,05,13,38.9
010330,,06,03,36.7
010330,,06,23,47.4
010330,,07,15,42.5
010330,,08,04,49.5
010330,,08,24,47.7
010330,,09,13,53.6
010330,,10,03,42.5
010330,,10,23,42.4
010330,,11,12,44.9
010330,,12,02,34.1
010330,,12,22,33.4
010350,,03,04,35.6
010350,,04,15,26.1
010435,,05,31,47.5
010435,,06,21,54.5
010435,,07,16,59.2
010435,,08,05,62.3
010435,,08,26,60.3
010435,,09,18,55.4
010435,,10,09,43.8
010435,,10,29,51.4
010455,,07,12,52.5
010460,,11,19,29.3
010470,,01,25,8.0
010470,,03,03,16.7
010470,,03,26,22.7
010470,,04,18,35.2
010470,,05,15,37.4
010470,,06,15,43.3
010470,,08,09,53.2
010470,,09,07,39.7
010470,,10,05,35.6
010470,,11,14,25.7
010470,,12,17,1.0
010490,,01,27,23.5
010490,,02,16,15.8
010490,,03,09,28.8
010490,,03,29,34.2
010490,,04,18,39.4
010490,,05,21,42.3
010490,,06,19,55.7
010490,,07,12,53.3
010490,,08,03,56.0
010490,,09,02,51.1
010490,,11,02,27.5
010530,,01,06,23.7
010530,,01,26,28.8
010530,,02,19,23.4
010530,,03,11,28.8
010530,,04,01,27.3
010530,,04,21,35.6
010530,,05,11,49.5
010530,,06,01,35.3
010530,,06,21,47.4
010530,,07,11,48.2
010530,,07,31,54.2
010530,,08,20,44.9
010530,,09,09,43.3
010530,,09,29,40.1
010530,,10,19,28.7
010530,,11,08,44.6
010530,,11,28,35.4
010530,,12,18,15.8
010550,,01,07,26.2
010550,,01,27,30.2
010550,,02,16,29.4
010550,,03,08,32.5
010550,,03,29,35.9
010550,,04,18,34.7
010550,,05,08,40.8
010550,,05,28,32.5
010550,,06,19,48.9
010550,,07,09,45.1
010550,,07,29,55.9
010550,,08,19,46.4
010550,,09,08,41.7
010550,,09,28,46.9
010550,,10,18,30.4
010550,,11,07,35.3
010550,,11,28,38.3
010550,,12,18,21.2
010590,,01,17,21.8
010590,,02,08,30.0
010590,,02,28,26.6
010590,,03,20,39.2
010590,,04,09,22.4
010590,,05,09,43.3
010590,,06,13,43.7
010590,,07,09,52.3
010590,,07,31,57.2
010590,,08,27,54.2
010590,,10,10,44.2
010610,,01,04,23.0
010610,,01,24,31.3
010610,,02,13,3.2
010610,,03,05,30.9
010610,,03,25,23.9
010610,,04,14,24.8
010610,,05,04,39.7
010610,,05,24,34.5
010610,,06,14,40.7
010610,,07,04,49.5
010610,,07,24,62.3
010610,,08,13,48.4
010610,,09,02,49.3
010610,,09,22,45.7
010610,,10,12,35.8
010610,,11,01,22.0
010610,,11,21,22.1
010610,,12,11,17.6
010610,,12,31,20.3
010620,,01,20,9.3
010620,,02,09,12.1
010620,,03,01,-1.1
010620,,03,21,-7.2
010620,,04,10,21.0
010620,,04,30,10.2
010620,,05,20,30.7
010620,,06,10,29.3
010620,,06,30,33.5
010620,,07,20,31.7
010620,,08,09,36.6
010620,,08,29,36.3
010620,,09,18,34.9
010620,,10,08,31.3
010620,,10,28,15.3
010620,,11,17,-1.1
010620,,12,07,10.9
010620,,12,27,12.6
010630,,03,27,30.6
010650,,02,11,-8.7
010650,,03,26,20.1
010670,,02,07,23.5
010670,,04,14,19.4
010750,,01,23,28.4
010750,,04,06,21.2
010750,,06,16,32.9
010750,,08,09,49.1
010750,,11,01,9.0
010780,,01,16,27.6
010780,,02,05,37.0
010780,,02,25,29.9
010780,,03,17,25.7
010780,,04,06,23.0
010780,,04,26,38.8
010780,,05,16,39.9
010780,,06,06,39.2
010780,,06,26,39.0
010780,,07,16,43.9
010780,,08,05,47.1
010780,,08,25,42.8
010780,,09,14,57.4
010780,,10,04,34.7
010780,,10,26,30.4
010780,,11,15,34.9
010780,,12,05,31.8
010780,,12,25,26.4
010830,,12,03,30.6
010890,,01,06,8.2
010890,,01,26,8.6
010890,,02,15,16.0
010890,,03,08,27.9
010890,,03,28,31.4
010890,,04,17,25.7
010890,,05,07,40.5
010890,,05,27,37.4
010890,,06,17,49.5
010890,,07,07,46.2
010890,,07,27,50.0
010890,,08,16,42.6
010890,,09,05,45.5
010890,,09,25,37.4
010890,,10,15,35.6
010890,,11,04,35.2
010890,,11,24,24.6
010890,,12,14,19.1
010980,,01,04,26.2
010980,,01,24,32.5
010980,,02,13,18.0
010980,,03,05,30.4
010980,,03,25,27.7
010980,,04,14,25.9
010980,,05,04,39.4
010980,,05,24,35.1
010980,,06,14,41.0
010980,,07,04,45.4
010980,,07,24,55.9
010980,,08,13,44.4
010980,,09,02,48.4
010980,,09,22,44.6
010980,,10,12,35.1
010980,,11,01,25.9
010980,,11,21,28.4
010980,,12,11,20.9
010980,,12,31,23.7
010985,,07,15,47.5
010986,,03,11,32.0
010986,,08,15,45.0
010987,,07,24,64.8
011020,,03,05,39.2
011020,,03,25,37.6
011020,,04,14,37.4
011020,,05,04,40.1
011020,,05,24,42.3
011020,,06,14,46.2
011020,,07,04,48.4
011020,,07,24,55.6
011020,,08,13,51.6
011020,,09,02,52.2
011020,,09,22,46.8
011020,,10,12,48.2
011020,,11,01,45.5
011020,,11,21,33.8
011020,,12,11,44.3
011020,,12,31,32.5
011030,,03,30,29.3
011030,,05,03,39.2
011030,,06,30,53.2
011030,,08,06,55.9
011030,,10,03,50.5
011050,,01,06,32.9
011050,,01,26,36.9
011050,,02,15,32.7
011050,,03,07,40.5
011050,,03,27,37.2
011050,,04,16,35.6
011050,,05,06,43.0
011050,,05,26,43.0
011050,,06,16,42.1
011050,,07,06,46.0
011050,,07,26,50.7
011050,,08,15,51.4
011050,,09,04,48.2
011050,,09,24,44.4
011050,,10,14,47.5
011050,,11,03,48.4
011050,,11,23,40.3
011050,,12,13,32.0
011120,,09,13,54.7
011120,,12,03,36.2
011150,,01,19,30.2
011150,,02,11,32.4
011150,,03,04,40.5
011150,,03,24,38.5
011150,,04,14,37.4
011150,,05,04,39.2
011150,,05,24,41.9
011150,,06,14,44.9
011150,,07,04,46.9
011150,,08,17,50.0
011150,,09,06,44.6
011150,,09,26,49.7
011150,,10,16,48.7
011150,,11,05,45.9
011150,,11,25,42.5
011150,,12,15,32.8
011210,,01,02,43.4
011210,,01,26,37.4
011210,,02,25,41.4
011210,,03,17,33.2
011210,,04,07,31.6
011210,,04,29,41.9
011210,,05,22,43.9
011210,,06,15,47.8
011210,,07,08,50.9
011210,,08,01,52.4
011210,,08,24,52.1
011210,,09,24,45.7
011210,,10,17,42.8
011210,,11,20,35.6
011310,,01,02,43.7
011310,,02,23,42.8
011310,,03,24,36.5
011310,,04,18,36.9
011310,,05,18,43.7
011310,,06,24,45.3
011310,,08,14,49.6
011310,,09,15,49.1
011310,,10,30,33.4
011410,,07,11,50.4
011410,,08,06,48.6
011410,,11,17,33.4
011490,,04,05,32.5
011490,,05,15,38.3
011490,,06,22,46.9
011490,,07,19,50.0
011490,,08,20,53.2
011490,,09,16,47.3
011490,,10,15,42.8
011490,,11,12,37.0
011490,,12,04,35.2
011490,,12,30,32.5
011520,,01,16,37.0
011520,,02,05,40.2
011520,,02,25,40.5
011520,,03,17,30.7
011520,,04,06,28.4
011520,,04,26,38.3
011520,,05,16,45.6
011520,,06,06,42.9
011520,,06,26,45.0
011520,,07,16,44.8
011520,,08,05,51.5
011520,,08,25,50.9
011520,,09,14,54.0
011520,,10,04,47.3
011520,,10,24,43.0
011520,,11,13,43.9
011520,,12,03,33.2
011520,,12,23,30.7
011550,,02,22,42.4
011550,,04,04,34.2
011550,,05,11,54.5
011550,,07,16,44.2
011550,,09,12,51.4
011550,,11,18,28.4
011600,,01,19,27.3
011600,,02,08,38.3
011600,,02,28,28.8
011600,,03,20,38.6
011600,,04,09,30.9
011600,,04,29,39.2
011600,,05,19,44.6
011600,,06,09,42.8
011600,,06,29,45.6
011600,,07,19,48.7
011600,,08,08,52.2
011600,,08,28,50.7
011600,,09,17,48.4
011600,,10,07,46.2
011600,,10,27,37.6
011600,,11,16,37.4
011600,,12,06,35.6
011600,,12,26,25.5
011610,,07,29,54.5
011610,,11,15,38.0
011620,,08,28,49.1
011650,,01,11,22.5
011650,,02,12,27.3
011650,,03,08,37.0
011650,,03,29,35.2
011650,,04,18,37.0
011650,,05,11,59.7
011650,,06,05,46.0
011650,,06,30,47.3
011650,,07,23,59.5
011650,,08,14,50.7
011650,,09,07,44.2
011650,,09,30,45.3
011650,,10,23,45.1
011650,,11,20,32.9
011650,,12,12,32.4
011830,,10,20,42.8
011840,,01,14,22.1
011840,,02,12,21.6
011840,,03,09,34.7
011840,,04,10,32.0
011840,,05,03,38.6
011840,,05,30,41.7
011840,,06,24,47.8
011840,,07,20,49.6
011940,,03,05,34.7
011940,,08,03,53.6
011990,,08,03,55.9
012050,,01,19,39.2
012050,,02,08,39.7
012050,,02,28,41.7
012050,,03,20,40.1
012050,,04,09,34.7
012050,,04,29,42.6
012050,,05,19,47.1
012050,,06,09,47.7
012050,,06,29,49.8
012050,,07,19,53.1
012050,,08,08,70.4
012050,,08,28,56.1
012050,,09,17,58.1
012050,,10,07,46.4
012050,,10,27,50.7
012050,,11,16,41.7
012050,,12,06,37.4
012050,,12,26,42.6
012100,,01,15,43.3
012100,,02,04,44.9
012100,,02,24,37.9
012100,,03,16,35.2
012100,,04,05,40.0
012100,,04,25,44.9
012100,,05,15,45.6
012100,,06,05,47.5
012100,,06,25,50.7
012100,,07,15,55.3
012100,,08,04,61.8
012100,,08,24,55.5
012100,,09,13,54.6
012100,,10,03,50.5
012100,,10,23,47.6
012100,,11,12,43.1
012100,,12,02,40.2
012100,,12,22,44.3
012120,,01,12,39.6
012120,,02,01,44.6
012120,,02,21,44.6
012120,,03,13,38.6
012120,,04,02,36.3
012120,,04,22,43.9
012120,,05,12,43.7
012120,,06,02,45.2
012120,,06,22,54.5
012120,,07,12,54.8
012120,,08,01,55.4
012120,,08,21,56.6
012120,,09,10,55.1
012120,,09,30,56.3
012120,,10,20,48.2
012120,,11,09,49.1
012120,,11,29,43.1
012120,,12,19,39.8
012150,,01,09,35.2
012150,,02,04,44.6
012150,,03,02,38.3
012150,,03,22,33.8
012150,,04,14,36.3
012150,,05,05,47.0
012150,,05,25,43.7
012150,,06,15,43.7
012150,,07,05,50.9
012150,,07,26,55.4
012150,,08,16,53.6
012150,,09,05,49.4
012150,,09,25,48.5
012150,,10,16,43.2
012150,,11,06,44.2
012150,,11,26,41.0
012150,,12,17,28.4
012180,,01,11,30.6
012180,,03,06,42.8
012180,,04,09,36.0
012180,,05,12,45.5
012180,,06,07,60.8
012180,,07,12,57.2
012180,,08,06,62.2
012180,,09,06,46.9
012180,,10,22,37.8
012180,,12,25,28.9
012220,,02,14,29.3
012220,,03,19,39.9
012220,,04,26,43.5
012220,,05,27,46.8
012220,,06,21,50.4
012220,,07,17,51.8
012220,,08,11,57.6
012220,,09,03,51.8
012220,,09,29,49.1
012220,,10,22,39.9
012220,,11,18,37.0
012220,,12,11,47.1
012230,,01,06,31.6
012230,,01,26,34.1
012230,,02,16,32.7
012230,,03,08,42.4
012230,,03,28,36.1
012230,,04,17,43.5
012230,,05,07,47.6
012230,,05,27,45.3
012230,,06,17,46.3
012230,,07,07,49.4
012230,,07,27,56.0
012230,,08,16,54.9
012230,,09,05,47.2
012230,,09,25,50.8
012230,,10,15,47.3
012230,,11,04,49.2
012230,,11,24,44.1
012230,,12,14,42.8
012280,,01,04,35.3
012280,,01,24,37.0
012280,,02,14,28.4
012280,,03,07,41.9
012280,,03,27,37.4
012280,,04,16,38.6
012280,,05,06,44.6
012280,,05,26,46.1
012280,,06,16,47.9
012280,,07,07,49.4
012280,,07,27,55.4
012280,,08,20,54.8
012280,,09,10,53.9
012280,,09,30,51.2
012280,,10,21,42.8
012280,,11,11,45.2
012280,,12,01,40.6
012280,,12,25,29.9
012350,,01,14,34.5
012350,,02,04,24.5
012350,,02,25,15.8
012350,,03,17,24.2
012350,,04,06,26.6
012350,,04,26,38.9
012350,,05,16,49.7
012350,,06,06,45.5
012350,,06,26,49.7
012350,,07,16,55.4
012350,,08,05,69.2
012350,,08,25,52.4
012350,,09,14,45.8
012350,,10,04,44.6
012350,,10,24,33.2
012350,,11,13,26.6
012350,,12,03,20.3
012350,,12,23,28.7
012380,,01,31,24.1
012380,,02,23,30.5
012380,,03,15,21.2
012380,,04,04,15.3
012380,,07,24,50.0
012410,,01,17,34.0
012410,,02,07,35.0
012410,,02,27,40.4
012410,,03,19,36.8
012410,,04,08,35.8
012410,,04,28,41.5
012410,,05,18,49.8
012410,,06,08,55.2
012410,,06,28,46.4
012410,,07,18,49.5
012410,,08,07,68.8
012410,,08,27,54.4
012410,,09,16,50.6
012410,,10,06,46.2
012410,,10,26,50.7
012410,,11,15,41.2
012410,,12,05,35.4
012410,,12,25,29.6
012520,,03,22,24.8
012520,,05,25,43.2
012520,,09,27,43.7
012620,,01,21,40.5
012620,,02,11,36.6
012620,,03,04,40.7
012620,,03,24,38.5
012620,,04,13,36.4
012650,,01,08,0.5
012650,,01,29,29.8
012650,,02,24,22.6
012650,,03,17,24.2
012650,,04,08,31.6
012650,,04,28,34.9
012650,,05,19,49.1
012650,,06,09,53.6
012650,,06,29,50.0
012650,,07,19,58.7
012650,,08,09,63.8
012650,,08,29,45.2
012650,,09,19,42.8
012650,,10,09,37.7
012650,,10,29,43.1
012650,,11,18,21.6
012650,,12,08,22.4
012650,,12,28,26.6
012710,,01,17,29.7
012710,,02,06,39.4
012710,,02,26,31.1
012710,,03,18,37.9
012710,,04,07,37.2
012710,,04,27,41.9
012710,,05,17,46.6
012710,,06,07,60.1
012710,,06,27,46.5
012710,,07,17,51.8
012710,,08,06,65.5
012710,,08,26,53.0
012710,,09,15,47.7
012710,,10,05,48.9
012710,,10,25,45.1
012710,,11,14,35.5
012710,,12,04,36.7
012710,,12,24,32.1
012740,,03,11,32.5
012740,,07,24,60.8
012880,,01,23,27.0
012880,,02,25,14.9
012880,,03,21,21.2
012880,,04,12,27.0
012880,,05,03,35.2
012880,,05,24,39.2
012880,,06,14,43.9
012880,,07,06,58.6
012880,,07,26,53.3
012880,,08,15,49.1
012880,,09,04,46.8
012880,,09,25,43.7
012880,,10,15,37.4
012880,,11,04,36.0
012880,,11,26,36.8
012880,,12,17,16.9
013060,,01,08,34.9
013060,,02,06,38.1
013060,,03,02,38.8
013060,,03,25,34.4
013060,,04,15,42.2
013060,,05,06,44.6
013060,,05,26,54.2
013060,,07,15,57.8
013060,,08,04,58.3
013060,,08,24,55.7
013060,,09,13,53.6
013060,,10,03,50.9
013060,,10,23,50.4
013060,,11,12,46.4
013060,,12,02,41.6
013060,,12,22,45.5
013090,,01,20,41.0
013090,,02,23,44.2
013090,,03,20,41.0
013090,,04,13,38.1
013090,,05,07,49.1
013090,,05,28,45.0
013090,,06,19,53.6
013090,,07,11,58.6
013090,,08,01,54.1
013090,,08,25,54.3
013090,,09,15,50.4
013090,,10,05,52.5
013090,,10,25,53.2
013090,,11,16,42.4
013090,,12,07,43.3
013110,,01,03,41.2
013110,,01,23,36.8
013110,,02,12,33.7
013110,,03,04,41.4
013110,,03,24,32.9
013110,,04,13,39.0
013110,,05,03,41.8
013110,,05,23,47.8
013110,,06,13,46.2
013110,,07,03,54.1
013110,,07,23,54.1
013110,,08,12,64.7
013110,,09,01,55.5
013110,,09,21,50.0
013110,,10,11,40.0
013110,,10,31,52.4
013110,,11,20,37.2
013110,,12,10,37.2
013110,,12,30,44.8
013170,,01,19,37.0
013170,,02,10,37.7
013170,,03,03,43.0
013170,,03,23,37.8
013170,,04,12,35.6
013170,,05,02,40.5
013170,,05,22,43.7
013170,,06,12,51.8
013170,,07,02,56.4
013170,,07,22,55.8
013170,,08,11,72.4
013170,,08,31,55.2
013170,,09,20,53.8
013170,,10,10,46.4
013170,,10,30,51.1
013170,,11,19,39.7
013170,,12,09,43.9
013170,,12,29,38.8
013390,,02,27,28.8
013390,,04,26,44.6
013390,,07,20,63.5
013390,,10,22,47.8
013510,,06,08,41.5
013510,,11,12,32.9
013600,,01,22,23.7
013600,,02,12,26.6
013600,,03,05,28.4
013600,,03,25,22.7
013600,,04,14,23.0
013600,,08,16,59.5
013610,,01,21,21.6
013610,,02,20,15.3
013610,,03,14,21.2
013610,,04,03,8.6
013610,,04,24,20.9
013610,,05,14,29.3
013610,,06,04,28.1
013610,,06,24,28.1
013610,,07,14,38.3
013610,,08,03,38.9
013610,,08,23,34.9
013610,,09,12,29.3
013610,,10,02,27.9
013610,,10,22,28.7
013610,,11,11,26.1
013610,,12,01,19.4
013610,,12,21,24.5
013720,,01,09,20.8
013720,,01,30,30.8
013720,,02,19,19.4
013720,,03,11,25.9
013720,,03,31,30.9
013720,,04,20,41.0
013720,,05,10,50.0
013720,,06,01,42.5
013720,,06,21,66.8
013720,,07,12,64.1
013720,,08,01,61.1
013720,,08,21,60.8
013720,,09,10,53.0
013720,,09,30,44.3
013720,,10,20,30.2
013720,,11,09,23.0
013720,,11,29,22.7
013720,,12,19,10.4
013741,,02,11,18.5
013741,,03,13,22.1
013741,,04,06,26.1
013790,,02,23,23.9
013790,,04,06,22.5
013820,,01,13,35.6
013820,,02,08,13.1
013820,,03,03,30.9
013820,,03,26,30.2
013820,,04,18,40.6
013820,,05,11,48.7
013820,,06,02,45.8
013820,,06,23,66.8
013820,,07,14,61.1
013820,,08,03,66.5
013820,,08,23,56.8
013820,,09,12,54.3
013820,,10,03,45.3
013820,,10,23,34.2
013820,,11,13,36.7
013820,,12,03,32.0
013820,,12,24,27.7
013840,,01,14,37.8
013840,,02,03,23.7
013840,,02,23,30.2
013840,,03,15,27.2
013840,,04,04,25.9
013840,,04,24,44.4
013840,,05,14,48.0
013840,,06,04,45.7
013840,,06,24,60.8
013840,,07,14,60.9
013840,,08,03,68.0
013840,,08,23,53.7
013840,,09,12,52.3
013840,,10,02,49.3
013840,,10,22,32.3
013840,,11,11,30.3
013840,,12,01,34.2
013840,,12,21,40.5
014030,,01,10,43.3
014030,,01,30,39.9
014030,,02,19,40.3
014030,,03,11,39.5
014030,,03,31,37.0
014030,,04,20,41.0
014030,,05,10,56.8
014030,,05,30,43.1
014030,,06,20,53.6
014030,,07,10,57.4
014030,,07,30,59.7
014030,,08,19,57.4
014030,,09,08,54.7
014030,,09,28,47.3
014030,,10,18,47.3
014030,,11,07,46.2
014030,,11,27,42.5
014030,,12,17,33.8
014035,,11,06,46.0
014035,,11,26,40.2
014035,,12,16,36.7
014060,,01,10,40.6
014060,,02,11,36.0
014060,,03,07,41.0
014060,,03,29,36.3
014060,,04,20,45.1
014060,,05,12,44.2
014060,,06,02,46.0
014060,,06,25,50.7
014060,,07,16,58.3
014060,,08,05,62.6
014060,,08,26,59.7
014060,,09,17,56.5
014060,,10,08,47.1
014060,,10,29,50.9
014060,,11,18,42.4
014060,,12,10,40.6
014060,,12,31,40.3
014150,,01,20,41.7
014150,,02,09,33.3
014150,,03,01,35.2
014150,,03,21,35.1
014150,,04,10,39.1
014150,,04,30,46.4
014150,,05,20,48.1
014150,,06,10,63.1
014150,,06,30,56.7
014150,,07,20,60.3
014150,,08,09,76.0
014150,,08,29,58.3
014150,,09,18,56.9
014150,,10,08,46.7
014150,,10,28,49.9
014150,,11,17,41.4
014150,,12,07,41.8
014150,,12,27,46.5
014240,,03,16,32.4
014240,,04,16,41.5
014240,,06,03,49.1
014240,,07,12,58.6
014240,,08,24,56.8
014240,,10,30,50.5
014270,,01,14,44.9
014270,,02,03,37.8
014270,,02,23,39.2
014270,,03,15,36.4
014270,,04,04,34.0
014270,,04,24,45.3
014270,,05,14,48.9
014270,,06,04,48.7
014270,,06,24,54.9
014270,,07,14,59.9
014270,,08,03,60.3
014270,,08,23,59.9
014270,,09,12,55.4
014270,,10,02,55.4
014270,,10,22,47.7
014270,,11,11,41.5
014270,,12,01,43.5
014270,,12,21,46.9
014280,,01,15,42.6
014280,,02,12,34.4
014280,,03,07,40.5
014280,,04,09,41.0
014280,,05,09,68.5
014280,,06,10,69.4
014280,,07,04,61.0
014280,,07,30,63.4
014280,,08,25,59.5
014280,,09,22,54.4
014280,,10,17,47.5
014280,,11,12,42.4
014280,,12,10,35.6
014330,,02,15,11.3
014330,,03,16,19.4
014330,,04,11,20.1
014360,,01,27,39.9
014360,,02,16,33.4
014360,,03,10,41.0
014360,,03,30,33.2
014360,,04,24,47.3
014420,,01,06,40.1
014420,,01,28,33.8
014420,,02,25,28.4
014420,,03,19,32.7
014420,,04,08,36.3
014420,,04,28,38.8
014420,,05,21,48.8
014420,,06,15,52.4
014420,,07,06,70.7
014420,,07,28,68.9
014420,,08,18,63.3
014420,,09,12,52.9
014420,,10,03,51.2
014420,,11,01,46.8
014420,,11,24,42.4
014420,,12,19,28.9
014450,,01,20,19.4
014450,,03,14,27.0
014450,,04,11,28.8
014450,,05,05,45.3
014450,,05,27,58.6
014450,,06,18,51.8
014450,,07,09,64.0
014450,,07,29,65.5
014450,,08,20,56.8
014450,,09,11,47.8
014450,,10,03,47.5
014450,,10,24,41.4
014450,,11,15,36.3
014450,,12,09,43.9
014480,,01,03,44.1
014480,,01,23,39.9
014480,,02,12,34.5
014480,,03,04,39.2
014480,,03,24,38.3
014480,,04,13,41.9
014480,,05,03,44.9
014480,,05,23,48.6
014480,,06,13,52.7
014480,,07,03,60.8
014480,,07,23,58.5
014480,,08,12,70.3
014480,,09,01,62.8
014480,,09,21,52.5
014480,,10,11,42.5
014480,,10,31,52.5
014480,,11,20,37.9
014480,,12,10,39.0
014480,,12,30,46.4
014520,,01,19,29.6
014520,,02,08,31.0
014520,,02,28,37.5
014520,,03,20,34.3
014520,,04,09,37.6
014520,,04,29,45.4
014520,,05,19,55.4
014520,,06,09,66.5
014520,,06,29,62.2
014520,,07,19,60.2
014520,,08,08,73.8
014520,,08,28,64.7
014520,,09,17,55.2
014520,,10,07,51.0
014520,,10,27,50.2
014520,,11,16,42.1
014520,,12,06,39.0
014520,,12,26,45.5
014650,,01,16,45.0
014650,,02,08,32.5
014650,,03,01,37.4
014650,,03,22,35.0
014650,,04,11,35.6
014650,,05,01,42.2
014650,,05,21,52.1
014650,,06,11,60.8
014650,,07,02,61.2
014650,,07,22,58.7
014650,,08,11,76.6
014650,,08,31,63.5
014650,,09,20,56.0
014650,,10,10,43.1
014650,,10,31,51.8
014650,,11,20,36.5
014650,,12,10,36.8
014650,,12,30,47.0
014670,,02,19,37.8
014670,,03,11,38.2
014670,,03,31,35.6
014670,,07,06,64.4
014700,,01,11,24.3
014700,,02,25,23.7
014700,,04,01,32.0
014700,,04,24,51.8
014700,,06,02,48.2
014700,,07,05,75.2
014700,,08,05,76.6
014700,,09,04,57.6
014700,,10,06,53.6
014700,,11,12,32.7
014700,,12,11,25.2
014740,,02,12,23.4
014740,,03,11,30.7
014740,,04,03,32.9
014740,,08,03,75.7
014780,,03,22,31.5
014810,,03,22,32.9
014820,,01,15,43.7
014820,,02,04,34.0
014820,,02,24,33.1
014820,,03,16,35.6
014820,,04,05,37.2
014820,,04,25,46.7
014820,,05,15,51.0
014820,,06,05,51.6
014820,,06,25,60.6
014820,,07,15,64.4
014820,,08,04,66.9
014820,,08,24,63.5
014820,,09,13,57.4
014820,,10,03,55.4
014820,,10,23,45.1
014820,,11,12,40.8
014820,,12,02,40.5
014820,,12,22,47.3
014830,,01,12,27.8
014830,,02,01,39.5
014830,,02,21,38.3
014830,,03,13,35.6
014830,,04,02,35.5
014830,,04,22,42.3
014830,,05,12,53.4
014830,,06,02,46.9
014830,,06,22,66.4
014830,,07,12,66.1
014830,,08,01,66.7
014830,,08,21,63.8
014830,,09,10,59.4
014830,,09,30,48.6
014830,,10,20,38.9
014830,,11,09,31.6
014830,,11,29,29.3
014830,,12,19,27.8
014840,,02,25,29.3
014840,,04,15,40.1
014880,,01,13,38.4
014880,,02,02,28.5
014880,,02,22,29.2
014880,,03,14,32.1
014880,,04,03,34.5
014880,,04,23,45.5
014880,,05,13,50.1
014880,,06,03,48.4
014880,,06,23,70.3
014880,,07,13,68.4
014880,,08,02,68.3
014880,,08,23,59.8
014880,,09,12,56.1
014880,,10,02,54.4
014880,,10,22,40.9
014880,,11,11,33.7
014880,,12,01,38.2
014880,,12,21,45.1
014940,,01,10,35.7
014940,,01,30,32.4
014940,,02,19,32.4
014940,,03,13,32.6
014940,,04,02,33.0
014940,,04,22,43.2
014940,,05,12,51.4
014940,,06,02,45.4
014940,,06,22,68.3
014940,,07,12,64.0
014940,,08,01,64.3
014940,,08,21,65.3
014940,,09,10,58.9
014940,,09,30,51.4
014940,,10,20,37.7
014940,,11,09,35.1
014940,,11,29,30.9
014940,,12,19,18.5
014965,,05,05,46.8
020500,,01,13,4.7
020500,,02,02,27.4
020500,,02,22,36.5
020500,,03,14,31.1
020500,,04,03,18.3
020500,,04,23,34.7
020500,,05,13,34.0
020500,,06,03,34.9
020500,,06,23,41.5
020500,,07,13,40.3
020500,,08,02,47.8
020500,,08,22,41.9
020500,,09,11,42.6
020500,,10,01,38.9
020500,,10,21,40.8
020500,,11,10,28.7
020500,,11,30,14.2
020500,,12,20,22.5
020520,,01,09,15.7
020520,,01,29,30.6
020520,,02,18,9.7
020520,,03,10,26.6
020520,,03,30,13.1
020520,,04,19,29.5
020520,,05,09,45.7
020520,,05,29,32.2
020520,,06,19,50.9
020520,,07,09,57.0
020520,,07,29,56.3
020520,,08,18,46.9
020520,,09,07,37.6
020520,,09,27,44.8
020520,,10,17,37.6
020520,,11,06,35.8
020520,,11,26,13.3
020520,,12,16,-7.4
020530,,01,05,17.1
020530,,01,25,19.7
020530,,02,14,-2.2
020530,,03,06,15.3
020530,,03,26,27.4
020530,,04,15,24.2
020530,,05,05,43.6
020530,,05,25,39.7
020530,,06,15,44.1
020530,,07,05,49.0
020530,,07,25,64.7
020530,,08,14,44.3
020530,,09,03,50.0
020530,,09,23,39.7
020530,,10,13,43.6
020530,,11,02,7.6
020530,,11,22,14.3
020530,,12,12,24.5
020540,,01,01,14.9
020540,,01,21,24.3
020540,,02,10,19.2
020540,,03,02,8.4
020540,,03,22,27.7
020540,,04,11,23.2
020540,,05,01,39.0
020540,,05,21,55.6
020540,,06,11,47.3
020540,,07,01,59.5
020540,,07,21,46.2
020540,,08,10,51.8
020540,,08,30,44.3
020540,,09,19,43.0
020540,,10,09,29.8
020540,,10,29,17.1
020540,,11,18,10.6
020540,,12,08,16.7
020540,,12,28,21.4
020550,,01,17,17.6
020550,,02,06,29.8
020550,,02,26,35.3
020550,,03,18,29.1
020550,,04,07,25.0
020550,,04,27,32.0
020550,,05,17,41.7
020550,,06,07,45.4
020550,,06,27,42.1
020550,,07,17,43.5
020550,,08,06,55.9
020550,,08,26,46.4
020550,,09,15,43.5
020550,,10,05,41.2
020550,,10,25,41.7
020550,,11,14,34.1
020550,,12,04,29.1
020550,,12,24,19.1
020570,,01,13,11.1
020570,,02,02,29.3
020570,,02,22,38.1
020570,,03,14,34.0
020570,,04,03,28.4
020570,,04,23,32.0
020570,,05,13,41.5
020570,,06,03,45.9
020570,,06,23,57.7
020570,,07,13,61.7
020570,,08,02,64.1
020570,,08,22,50.7
020570,,09,11,56.3
020570,,10,01,50.7
020570,,10,21,36.1
020570,,11,10,36.9
020570,,11,30,31.1
020570,,12,20,19.4
020580,,01,09,-0.4
020580,,01,29,24.5
020580,,02,21,27.9
020580,,03,13,33.1
020580,,04,02,29.9
020580,,04,22,35.1
020580,,05,12,44.2
020580,,06,02,41.9
020580,,06,22,52.9
020580,,07,12,60.3
020580,,08,01,63.9
020580,,08,21,58.1
020580,,09,10,54.7
020580,,09,30,43.7
020580,,10,20,43.5
020580,,11,09,47.5
020580,,11,29,30.0
020580,,12,19,-5.1
020590,,01,08,-6.6
020590,,01,28,31.5
020590,,02,18,26.1
020590,,03,10,30.9
020590,,03,30,17.1
020590,,04,19,30.7
020590,,05,09,46.2
020590,,05,29,32.2
020590,,06,19,58.6
020590,,07,09,62.6
020590,,07,29,57.0
020590,,08,18,49.1
020590,,09,07,40.5
020590,,09,27,43.0
020590,,10,17,40.8
020590,,11,06,37.0
020590,,11,26,30.7
020590,,12,16,18.3
020620,,01,05,27.3
020620,,01,25,23.0
020620,,02,14,3.7
020620,,03,06,25.9
020620,,03,26,28.8
020620,,04,15,29.9
020620,,05,05,43.0
020620,,05,25,41.7
020620,,06,15,46.2
020620,,07,05,53.4
020620,,07,25,56.3
020620,,08,14,51.3
020620,,09,03,56.3
020620,,09,23,52.5
020620,,10,13,42.6
020620,,11,02,39.7
020620,,11,22,21.9
020620,,12,12,30.2
020630,,01,01,27.5
020630,,01,21,29.7
020630,,02,10,24.8
020630,,03,02,27.5
020630,,03,22,26.1
020630,,04,11,24.4
020630,,05,01,39.0
020630,,05,21,47.5
020630,,06,11,54.5
020630,,07,01,60.8
020630,,07,21,55.2
020630,,08,10,66.0
020630,,08,30,46.2
020630,,09,19,46.4
020630,,10,09,28.6
020630,,10,29,35.1
020630,,11,18,25.0
020630,,12,08,19.1
020630,,12,28,26.4
020640,,01,17,32.0
020640,,02,07,28.9
020640,,02,27,36.2
020640,,03,19,33.3
020640,,04,08,30.7
020640,,04,28,39.7
020640,,05,18,46.8
020640,,06,08,50.9
020640,,06,28,50.6
020640,,07,18,57.8
020640,,08,07,63.5
020640,,08,27,56.5
020640,,09,16,51.8
020640,,10,06,49.2
020640,,10,26,47.3
020640,,11,15,41.2
020640,,12,05,34.9
020640,,12,25,24.5
020650,,01,14,31.3
020650,,02,04,24.4
020650,,02,24,25.5
020650,,03,16,23.0
020650,,04,05,23.9
020650,,04,25,39.7
020650,,05,16,47.1
020650,,06,06,49.1
020650,,06,26,49.3
020650,,07,16,56.8
020650,,08,05,72.3
020650,,08,25,48.0
020650,,09,14,49.3
020650,,10,04,45.0
020650,,10,24,37.4
020650,,11,13,24.3
020650,,12,03,19.4
020650,,12,23,31.0
020660,,01,12,15.1
020660,,02,01,31.3
020660,,02,21,21.6
020660,,03,13,34.2
020660,,04,02,30.0
020660,,04,22,34.6
020660,,05,12,47.5
020660,,06,02,42.6
020660,,06,22,55.4
020660,,07,12,62.6
020660,,08,01,59.7
020660,,08,21,63.1
020660,,09,10,57.9
020660,,09,30,42.4
020660,,10,20,34.5
020660,,11,09,39.0
020660,,11,29,34.0
020660,,12,19,19.8
020670,,01,08,5.9
020670,,01,28,27.3
020670,,02,17,4.2
020670,,03,09,25.5
020670,,03,29,21.6
020670,,04,18,33.8
020670,,05,08,48.0
020670,,05,28,42.6
020670,,06,18,49.5
020670,,07,14,50.8
020670,,08,03,63.7
020670,,08,23,50.7
020670,,09,12,51.6
020670,,10,02,46.7
020670,,10,22,26.8
020670,,11,11,36.0
020670,,12,01,30.9
020670,,12,21,37.0
020680,,01,11,15.3
020680,,02,03,38.3
020680,,02,25,32.0
020680,,03,17,25.7
020680,,04,06,35.2
020680,,04,26,44.6
020680,,05,16,49.1
020680,,06,06,54.8
020680,,06,26,55.4
020680,,07,16,60.8
020680,,08,06,74.6
020680,,08,26,52.9
020680,,09,15,50.0
020680,,10,05,48.5
020680,,10,25,44.9
020680,,11,14,37.0
020680,,12,04,28.7
020680,,12,24,26.3
020690,,01,13,37.2
020690,,02,02,34.4
020690,,02,22,37.7
020690,,03,14,36.1
020690,,04,03,30.2
020690,,04,23,45.5
020690,,05,13,41.9
020690,,06,03,46.2
020690,,06,23,64.8
020690,,07,13,63.1
020690,,08,02,60.1
020690,,08,22,58.3
020690,,09,11,57.0
020690,,10,01,51.8
020690,,10,21,34.2
020690,,11,10,39.2
020690,,11,30,32.5
020690,,12,20,25.7
020700,,01,10,30.2
020700,,01,30,28.4
020700,,02,22,33.8
020700,,03,14,27.7
020700,,04,03,29.9
020700,,04,23,43.7
020700,,05,13,47.0
020700,,06,03,43.3
020700,,06,23,67.2
020700,,07,13,63.9
020700,,08,02,61.8
020700,,08,22,56.7
020700,,09,11,56.3
020700,,10,01,53.6
020700,,10,21,33.0
020700,,11,10,30.2
020700,,11,30,32.3
020700,,12,20,19.9
020730,,01,09,24.5
020730,,01,29,33.3
020730,,02,18,34.0
020730,,03,10,30.2
020730,,03,30,33.8
020730,,04,19,43.9
020730,,05,09,64.2
020730,,05,29,45.5
020730,,06,19,60.3
020730,,07,09,69.1
020730,,07,29,67.6
020730,,08,18,58.1
020730,,09,07,47.3
020730,,09,27,51.8
020730,,10,17,45.7
020730,,11,06,45.5
020730,,11,26,38.5
020730,,12,16,39.2
020740,,01,05,35.9
020740,,01,25,32.3
020740,,02,14,16.4
020740,,03,06,37.4
020740,,03,26,33.2
020740,,04,15,36.8
020740,,05,05,52.1
020740,,05,25,51.8
020740,,06,15,57.9
020740,,07,05,67.4
020740,,07,25,60.5
020740,,08,14,71.0
020740,,09,03,63.5
020740,,09,23,60.1
020740,,10,13,41.9
020740,,11,02,45.5
020740,,11,22,23.3
020740,,12,12,40.7
020750,,01,01,29.3
020750,,01,21,34.7
020750,,02,10,28.7
020750,,03,02,32.0
020750,,03,22,33.1
020750,,04,11,34.5
020750,,05,01,49.6
020750,,05,21,51.3
020750,,06,11,61.0
020750,,07,01,63.7
020750,,07,21,71.8
020750,,08,10,73.6
020750,,08,30,59.0
020750,,09,19,56.8
020750,,10,09,36.7
020750,,10,29,49.1
020750,,11,18,37.4
020750,,12,08,33.3
020750,,12,28,42.8
020760,,01,17,41.0
020760,,02,07,30.6
020760,,02,27,26.0
020760,,03,19,29.1
020760,,04,08,36.9
020760,,04,28,45.7
020760,,05,18,57.9
020760,,06,08,62.4
020760,,06,28,49.7
020760,,07,18,66.2
020760,,08,07,78.3
020760,,08,27,62.4
020760,,09,16,55.6
020760,,10,06,50.2
020760,,10,26,52.7
020760,,11,15,41.7
020760,,12,05,32.2
020760,,12,25,21.2
020770,,01,14,41.1
020770,,02,03,33.8
020770,,02,23,32.3
020770,,03,15,32.5
020770,,04,04,29.2
020770,,04,24,44.9
020770,,05,14,53.2
020770,,06,04,49.3
020770,,06,24,65.9
020770,,07,14,61.1
020770,,08,03,71.8
020770,,08,23,63.5
020770,,09,12,62.1
020770,,10,02,54.2
020770,,10,22,40.8
020770,,11,11,39.9
020770,,12,01,33.2
020770,,12,21,39.4
020790,,01,10,37.8
020790,,01,30,33.1
020790,,02,19,34.2
020790,,03,11,35.6
020790,,03,31,34.2
020790,,04,20,41.4
020790,,05,10,57.7
020790,,05,30,41.5
020790,,06,20,64.0
020790,,07,10,64.0
020790,,07,30,67.3
020790,,08,19,59.0
020790,,09,08,50.7
020790,,09,28,53.4
020790,,10,18,43.7
020790,,11,07,41.5
020790,,11,27,36.5
020790,,12,17,27.0
020800,,01,06,41.5
020800,,01,26,36.5
020800,,02,15,17.6
020800,,03,07,38.3
020800,,03,27,30.2
020800,,04,16,37.6
020800,,05,06,52.5
020800,,05,26,53.2
020800,,06,16,49.2
020800,,07,06,65.5
020800,,07,26,60.1
020800,,08,15,64.8
020800,,09,04,58.8
020800,,09,24,51.4
020800,,10,14,44.8
020800,,11,03,47.1
020800,,11,23,29.3
020800,,12,13,26.6
020820,,01,02,38.1
020820,,01,22,39.7
020820,,02,11,31.6
020820,,03,03,33.8
020820,,03,23,35.6
020820,,04,12,36.3
020820,,05,02,42.8
020820,,05,22,47.4
020820,,06,12,59.9
020820,,07,02,62.4
020820,,07,22,66.9
020820,,08,11,72.7
020820,,08,31,62.8
020820,,09,20,53.3
020820,,10,10,39.9
020820,,10,30,45.7
020820,,11,19,37.2
020820,,12,09,37.6
020820,,12,29,39.4
020830,,01,18,38.1
020830,,02,07,35.4
020830,,02,27,33.8
020830,,03,19,34.3
020830,,04,08,40.1
020830,,04,28,43.5
020830,,05,18,52.3
020830,,06,08,55.2
020830,,06,28,51.1
020830,,07,18,63.1
020830,,08,07,73.0
020830,,08,27,60.6
020830,,09,16,58.5
020830,,10,06,54.9
020830,,10,26,51.1
020830,,11,15,43.7
020830,,12,05,37.6
020830,,12,25,30.6
020840,,01,14,42.7
020840,,02,03,33.8
020840,,02,23,34.1
020840,,03,15,33.1
020840,,04,04,33.4
020840,,04,24,48.0
020840,,05,14,56.4
020840,,06,04,49.1
020840,,06,24,64.4
020840,,07,14,64.3
020840,,08,03,66.2
020840,,08,23,62.0
020840,,09,12,58.2
020840,,10,02,57.5
020840,,10,22,45.8
020840,,11,11,37.4
020840,,12,01,39.9
020840,,12,21,44.8
020850,,01,10,36.2
020850,,01,30,30.5
020850,,02,21,31.8
020850,,03,13,35.3
020850,,04,02,27.2
020850,,04,22,42.0
020850,,05,12,49.1
020850,,06,02,42.8
020850,,06,22,66.2
020850,,07,12,57.7
020850,,08,01,58.7
020850,,08,21,60.8
020850,,09,10,56.3
020850,,09,30,50.0
020850,,10,20,34.6
020850,,11,09,28.2
020850,,11,29,34.7
020850,,12,20,29.3
020870,,01,09,24.0
020870,,01,29,33.5
020870,,02,18,35.5
020870,,03,10,34.0
020870,,03,30,29.6
020870,,04,19,39.3
020870,,05,09,59.6
020870,,05,29,42.2
020870,,06,19,58.3
020870,,07,09,66.0
020870,,07,29,66.9
020870,,08,18,53.8
020870,,09,07,47.6
020870,,09,27,48.9
020870,,10,17,44.5
020870,,11,06,42.9
020870,,11,26,30.6
020870,,12,16,37.3
020880,,01,05,37.4
020880,,01,25,35.6
020880,,02,15,16.0
020880,,03,07,42.4
020880,,03,27,32.7
020880,,04,16,37.1
020880,,05,06,45.5
020880,,05,26,51.8
020880,,06,16,54.6
020880,,07,06,69.1
020880,,07,26,61.1
020880,,08,15,69.8
020880,,09,04,63.7
020880,,09,24,56.5
020880,,10,14,47.8
020880,,11,03,46.6
020880,,11,23,25.2
020880,,12,13,31.0
020890,,01,02,37.9
020890,,01,22,39.5
020890,,02,11,34.6
020890,,03,03,32.8
020890,,03,23,33.3
020890,,04,12,38.2
020890,,05,02,46.7
020890,,05,22,47.3
020890,,06,12,65.9
020890,,07,02,63.9
020890,,07,22,67.5
020890,,08,11,76.0
020890,,08,31,63.8
020890,,09,20,57.8
020890,,10,10,43.3
020890,,10,30,49.2
020890,,11,19,39.5
020890,,12,09,38.4
020890,,12,29,42.5
020900,,01,18,38.2
020900,,02,07,34.9
020900,,02,27,36.6
020900,,03,19,28.4
020900,,04,08,40.0
020900,,04,28,45.1
020900,,05,18,59.0
020900,,06,08,59.4
020900,,06,28,53.3
020900,,07,18,60.6
020900,,08,07,73.3
020900,,08,27,61.8
020900,,09,16,57.1
020900,,10,06,53.8
020900,,10,26,51.8
020900,,11,15,41.6
020900,,12,05,37.9
020900,,12,25,32.0
020910,,01,14,42.8
020910,,02,04,34.9
020910,,02,24,34.9
020910,,03,16,34.1
020910,,04,05,35.2
020910,,04,25,44.1
020910,,05,15,52.0
020910,,06,05,49.5
020910,,06,25,62.6
020910,,07,15,65.5
020910,,08,04,65.8
020910,,08,24,61.0
020910,,09,13,54.7
020910,,10,03,55.4
020910,,10,23,48.8
020910,,11,12,43.7
020910,,12,02,39.2
020910,,12,22,43.0
020920,,01,11,38.8
020920,,02,01,39.7
020920,,02,21,35.6
020920,,03,13,37.7
020920,,04,02,34.2
020920,,04,22,45.2
020920,,05,12,50.0
020920,,06,02,47.1
020920,,06,22,73.2
020920,,07,12,61.3
020920,,08,01,60.6
020920,,08,21,62.6
020920,,09,10,61.7
020920,,09,30,55.0
020920,,10,20,40.1
020920,,11,09,34.0
020920,,11,29,38.5
020920,,12,19,34.5
020930,,01,08,25.1
020930,,01,28,34.3
020930,,02,21,34.9
020930,,03,13,37.1
020930,,04,02,29.8
020930,,04,22,46.4
020930,,05,12,49.1
020930,,06,02,44.4
020930,,06,23,68.9
020930,,07,13,61.0
020930,,08,02,62.8
020930,,08,22,66.0
020930,,09,11,59.4
020930,,10,01,55.4
020930,,10,22,47.3
020930,,11,16,36.9
020930,,12,10,36.5
020930,,12,31,39.9
020940,,01,20,38.3
020940,,02,09,33.8
020940,,03,01,36.5
020940,,03,21,33.4
020940,,04,10,38.4
020940,,04,30,47.9
020940,,05,20,56.3
020940,,06,10,58.8
020940,,06,30,55.4
020940,,07,20,64.6
020940,,08,09,76.1
020940,,08,29,66.2
020940,,09,18,59.2
020940,,10,08,48.4
020940,,10,28,49.6
020940,,11,17,41.5
020940,,12,07,38.3
020940,,12,27,42.1
020950,,01,16,41.0
020950,,02,05,35.1
020950,,02,25,34.2
020950,,03,17,28.2
020950,,04,06,39.4
020950,,04,26,46.4
020950,,05,16,57.0
020950,,06,06,54.3
020950,,06,26,63.3
020950,,07,16,63.4
020950,,08,05,70.2
020950,,08,25,60.6
020950,,09,14,55.6
020950,,10,04,54.7
020950,,10,24,49.1
020950,,11,13,42.3
020950,,12,03,42.4
020950,,12,23,47.4
020980,,01,12,42.9
020980,,02,01,40.4
020980,,02,21,34.8
020980,,03,13,36.3
020980,,04,02,34.0
020980,,04,22,47.9
020980,,05,12,48.3
020980,,06,02,45.1
020980,,06,22,68.6
020980,,07,12,62.2
020980,,08,01,61.2
020980,,08,21,66.9
020980,,09,10,63.3
020980,,09,30,55.5
020980,,10,20,43.5
020980,,11,09,40.0
020980,,11,29,39.3
020980,,12,19,33.6
020990,,01,08,30.9
020990,,01,28,39.0
020990,,02,17,32.8
020990,,03,09,39.6
020990,,03,29,32.7
020990,,04,18,38.8
020990,,05,08,55.2
020990,,05,28,57.0
020990,,06,18,56.9
020990,,07,08,65.5
020990,,07,28,70.5
020990,,08,17,63.7
020990,,09,06,61.9
020990,,09,26,59.0
020990,,10,16,47.3
020990,,11,05,45.5
020990,,11,25,34.0
020990,,12,15,39.7
021000,,01,04,21.0
021000,,01,24,25.2
021000,,02,15,15.3
021000,,03,07,10.4
021000,,03,27,25.3
021000,,04,16,13.0
021000,,05,06,42.4
021000,,05,27,40.4
021000,,06,17,46.0
021000,,07,07,42.6
021000,,07,27,49.1
021000,,08,20,45.5
021000,,09,09,47.2
021000,,09,29,36.9
021000,,10,19,25.2
021000,,11,10,28.9
021000,,11,30,22.3
021000,,12,20,15.8
021010,,01,10,5.7
021010,,01,30,22.7
021010,,02,19,18.0
021010,,03,11,27.5
021010,,03,31,24.6
021010,,04,20,38.1
021010,,05,10,55.8
021010,,05,30,35.4
021010,,06,20,62.6
021010,,07,10,63.7
021010,,08,27,43.2
021010,,09,16,45.5
021010,,10,06,42.0
021010,,10,26,38.5
021010,,11,15,35.6
021010,,12,05,21.2
021010,,12,25,10.9
021020,,01,14,-4.7
021020,,02,03,38.1
021020,,02,23,38.3
021020,,03,15,25.0
021020,,04,04,24.3
021020,,04,24,35.4
021020,,05,14,39.4
021020,,06,04,41.5
021020,,06,24,49.1
021020,,07,14,44.4
021020,,08,03,56.3
021020,,08,23,39.4
021020,,09,12,42.3
021020,,10,02,40.3
021020,,10,22,37.8
021020,,11,11,22.8
021020,,12,01,10.4
021020,,12,21,22.1
021050,,01,11,13.7
021050,,02,02,27.0
021050,,02,22,38.1
021050,,03,14,25.4
021050,,04,03,24.3
021050,,04,23,36.5
021050,,05,13,38.4
021050,,06,03,40.6
021050,,06,23,49.8
021050,,07,13,49.3
021050,,08,02,56.8
021050,,09,05,42.8
021050,,09,25,39.2
021050,,10,15,37.9
021050,,11,04,37.2
021050,,11,24,23.0
021050,,12,14,28.6
021060,,01,03,34.1
021060,,01,24,24.8
021060,,02,14,-4.6
021060,,03,06,19.7
021060,,03,26,26.8
021060,,04,15,22.0
021060,,05,28,35.2
021060,,06,18,48.2
021060,,07,08,53.8
021060,,08,18,53.0
021060,,09,07,40.7
021060,,09,27,49.4
021060,,10,17,41.9
021060,,11,06,33.8
021060,,11,26,8.0
021060,,12,16,10.0
021090,,01,16,35.3
021090,,02,05,34.5
021090,,02,25,33.8
021090,,03,17,13.6
021090,,04,06,22.1
021090,,04,26,36.5
021090,,05,24,42.3
021090,,06,14,43.0
021090,,07,04,47.7
021090,,07,24,57.8
021090,,08,14,51.1
021090,,09,03,53.6
021090,,09,23,39.2
021090,,10,13,44.1
021090,,11,02,15.8
021090,,11,22,-3.8
021090,,12,12,26.1
021110,,01,02,39.2
021110,,02,03,41.4
021110,,03,12,37.8
021110,,04,15,29.5
021110,,05,21,52.5
021110,,06,19,65.5
021110,,08,08,67.3
021110,,09,09,54.7
021110,,10,08,34.5
021110,,11,06,34.5
021110,,12,04,27.0
021140,,08,16,49.5
021140,,09,05,47.3
021140,,09,25,40.8
021140,,10,15,38.2
021140,,11,04,37.8
021140,,11,24,22.8
021140,,12,14,33.6
021150,,01,03,30.4
021150,,01,23,27.1
021150,,02,12,22.5
021150,,03,04,32.2
021150,,03,24,27.7
021150,,04,13,25.1
021150,,05,03,30.4
021150,,05,23,34.0
021150,,06,13,37.4
021150,,07,03,42.8
021150,,07,23,56.5
021150,,08,12,48.7
021150,,09,01,48.4
021150,,09,21,41.9
021150,,10,11,34.2
021150,,10,31,36.1
021150,,11,20,19.4
021150,,12,10,18.3
021150,,12,30,28.1
021160,,01,20,18.8
021160,,02,11,23.9
021160,,03,03,26.6
021160,,03,23,28.7
021160,,04,12,30.2
021160,,05,02,41.5
021160,,05,22,46.0
021160,,06,12,59.0
021160,,07,02,62.1
021160,,07,22,63.0
021160,,08,11,64.6
021160,,08,31,49.7
021160,,09,20,41.7
021160,,10,10,32.0
021160,,10,30,31.5
021160,,11,19,19.8
021160,,12,09,18.9
021160,,12,29,19.6
021170,,01,18,16.5
021170,,02,07,29.9
021170,,02,27,41.5
021170,,03,19,35.1
021170,,04,08,33.8
021170,,04,28,43.5
021170,,05,20,56.8
021170,,06,10,49.7
021170,,06,30,61.1
021170,,07,20,57.2
021170,,08,09,63.6
021170,,08,29,50.8
021170,,09,18,56.2
021170,,10,08,39.2
021170,,10,28,30.5
021170,,11,17,38.4
021170,,12,07,27.9
021170,,12,27,23.5
021180,,01,17,34.5
021180,,02,06,37.4
021180,,03,07,33.8
021180,,03,27,32.0
021180,,04,16,35.9
021180,,05,06,46.7
021180,,05,26,44.3
021180,,06,16,49.7
021180,,07,06,58.1
021180,,07,26,61.9
021180,,08,16,53.3
021180,,09,05,56.3
021180,,09,25,52.1
021180,,10,15,46.4
021180,,11,04,44.6
021180,,11,24,41.6
021180,,12,14,37.7
021190,,01,03,37.1
021190,,01,23,34.2
021190,,02,13,7.1
021190,,03,05,28.4
021190,,03,25,33.8
021190,,04,14,32.0
021190,,05,04,42.1
021190,,05,24,45.5
021190,,06,14,49.7
021190,,07,04,53.1
021190,,07,24,61.7
021190,,08,13,57.9
021190,,09,02,52.8
021190,,09,22,46.2
021190,,10,12,48.4
021190,,11,01,33.3
021190,,11,21,16.9
021190,,12,11,24.8
021190,,12,31,28.9
021230,,01,20,26.4
021230,,02,09,31.8
021230,,03,01,32.3
021230,,03,21,31.3
021230,,04,10,32.2
021230,,04,30,56.9
021230,,05,20,55.0
021230,,06,10,55.6
021230,,06,30,59.7
021230,,07,20,66.2
021230,,08,09,70.7
021230,,08,29,54.0
021230,,09,18,57.0
021230,,10,08,41.9
021230,,10,28,43.2
021230,,11,17,35.8
021230,,12,07,26.1
021230,,12,27,33.1
021250,,01,16,43.9
021250,,02,08,14.4
021250,,03,02,29.3
021250,,03,22,28.1
021250,,04,11,30.6
021250,,05,01,45.0
021250,,05,21,46.7
021250,,06,11,67.1
021250,,07,01,66.5
021250,,07,21,66.5
021250,,08,11,74.0
021250,,08,31,57.7
021250,,09,20,50.0
021250,,10,10,32.0
021250,,10,30,45.8
021250,,11,19,28.4
021250,,12,09,27.7
021250,,12,29,33.1
021260,,01,18,27.1
021260,,02,07,22.5
021260,,02,27,14.7
021260,,03,19,27.5
021260,,04,08,32.0
021260,,04,28,39.7
021260,,05,18,51.6
021260,,06,08,62.2
021260,,06,28,50.9
021260,,07,18,59.2
021260,,08,07,71.2
021260,,09,06,45.3
021260,,09,26,53.4
021260,,10,16,43.5
021260,,11,05,45.5
021260,,11,25,36.3
021260,,12,15,33.3
021280,,01,04,26.1
021280,,01,24,16.3
021280,,02,14,-6.6
021280,,03,06,25.6
021280,,03,26,28.9
021280,,04,15,24.2
021280,,05,05,44.4
021280,,05,25,44.8
021280,,06,15,48.2
021280,,07,05,51.6
021280,,07,25,60.3
021280,,08,14,53.6
021280,,09,03,53.8
021280,,09,23,49.3
021280,,10,13,43.5
021280,,11,02,27.5
021280,,11,22,6.5
021280,,12,12,27.7
021290,,01,01,28.8
021290,,01,21,35.8
021290,,02,10,30.7
021290,,03,02,32.2
021290,,03,22,35.2
021290,,04,11,33.1
021290,,05,01,50.7
021290,,05,21,51.8
021290,,06,11,59.5
021290,,07,01,61.3
021290,,07,21,68.9
021290,,08,10,68.9
021290,,08,30,55.2
021290,,09,19,53.1
021290,,10,09,40.8
021290,,10,29,49.3
021290,,11,18,38.9
021290,,12,08,33.1
021290,,12,28,40.3
021300,,01,17,37.4
021300,,02,07,35.6
021300,,02,27,33.3
021300,,03,19,35.4
021300,,04,08,35.1
021300,,04,28,42.3
021300,,05,18,46.0
021300,,06,08,59.0
021300,,06,28,51.8
021300,,07,18,60.8
021300,,08,07,70.7
021300,,08,27,60.4
021300,,09,16,54.7
021300,,10,06,48.5
021300,,10,26,49.1
021300,,11,15,41.0
021300,,12,05,33.5
021300,,12,25,28.4
021310,,01,14,40.7
021310,,02,06,24.3
021310,,03,04,37.9
021310,,03,24,34.1
021310,,04,13,36.4
021310,,05,03,45.5
021310,,05,23,52.1
021310,,06,13,58.1
021310,,07,03,66.7
021310,,07,29,65.9
021310,,08,20,61.9
021310,,09,09,58.3
021310,,09,29,46.1
021310,,10,19,31.7
021310,,11,08,32.0
021310,,11,28,36.5
021310,,12,18,18.1
021330,,01,07,24.1
021330,,01,27,31.5
021330,,02,17,27.6
021330,,03,09,36.8
021330,,03,29,29.0
021330,,04,18,40.5
021330,,05,08,57.5
021330,,05,28,55.8
021330,,06,18,56.8
021330,,07,08,63.3
021330,,07,28,69.3
021330,,08,17,58.7
021330,,09,06,54.4
021330,,09,26,55.6
021330,,10,16,46.2
021330,,11,05,46.9
021330,,11,25,33.0
021330,,12,15,40.3
021350,,01,04,34.8
021350,,01,24,35.1
021350,,02,13,20.4
021350,,03,05,40.3
021350,,03,25,34.1
021350,,04,14,34.0
021350,,05,04,43.1
021350,,05,24,47.0
021350,,06,14,55.0
021350,,07,04,55.1
021350,,07,24,65.8
021350,,08,14,66.1
021350,,09,03,64.6
021350,,09,23,58.7
021350,,10,13,41.7
021350,,11,02,46.2
021350,,11,22,20.2
021350,,12,12,38.5
021380,,01,01,32.0
021380,,01,22,38.1
021380,,02,14,22.1
021380,,03,07,35.2
021380,,03,28,33.8
021380,,04,17,37.4
021380,,05,07,40.6
021380,,05,27,52.7
021380,,06,17,55.4
021380,,07,07,56.6
021380,,07,27,61.1
021380,,08,16,58.4
021380,,09,05,58.6
021380,,09,25,53.3
021380,,10,15,48.2
021380,,11,04,46.1
021380,,11,24,36.2
021380,,12,14,28.7
021410,,01,03,41.6
021410,,01,23,39.2
021410,,02,12,32.7
021410,,03,04,36.4
021410,,03,24,36.0
021410,,04,13,35.4
021410,,05,03,42.6
021410,,05,23,47.5
021410,,06,13,56.8
021410,,07,05,56.5
021410,,07,25,62.4
021410,,08,14,66.4
021410,,09,06,59.5
021410,,09,26,54.9
021410,,10,16,49.3
021410,,11,05,45.9
021410,,11,25,37.8
021410,,12,15,39.9
021470,,01,04,37.4
021470,,01,24,35.9
021470,,02,14,16.7
021470,,03,06,39.5
021470,,03,26,32.9
021470,,04,15,34.5
021470,,05,05,48.4
021470,,05,25,51.4
021470,,06,15,54.5
021470,,07,05,63.5
021470,,07,25,58.8
021470,,08,14,67.3
021470,,09,03,64.0
021470,,09,23,57.7
021470,,10,13,39.9
021470,,11,02,44.4
021470,,11,22,22.3
021470,,12,12,39.0
021480,,01,01,30.0
021480,,01,21,35.2
021480,,02,10,29.5
021480,,03,02,32.5
021480,,03,22,30.6
021480,,04,11,35.8
021480,,05,01,48.4
021480,,05,21,50.0
021480,,06,11,62.2
021480,,07,01,61.7
021480,,07,21,71.3
021480,,08,10,75.0
021480,,08,30,61.0
021480,,09,19,57.4
021480,,10,09,37.2
021480,,10,29,48.9
021480,,11,18,38.3
021480,,12,08,33.6
021480,,12,28,44.8
021500,,01,17,40.4
021500,,02,07,31.2
021500,,02,27,33.0
021500,,03,19,26.8
021500,,04,08,37.7
021500,,04,28,46.0
021500,,05,18,57.2
021500,,06,08,57.9
021500,,06,28,51.8
021500,,07,18,62.4
021500,,08,07,79.5
021500,,08,27,61.9
021500,,09,16,55.0
021500,,10,06,53.9
021500,,10,26,52.7
021500,,11,15,41.2
021500,,12,05,33.3
021500,,12,25,25.5
021510,,01,14,40.7
021510,,02,04,35.2
021510,,02,24,35.6
021510,,03,16,30.2
021510,,04,05,33.1
021510,,04,25,45.1
021510,,05,15,50.5
021510,,06,05,50.7
021510,,06,25,61.2
021510,,07,15,63.7
021510,,08,04,70.3
021510,,08,24,64.4
021510,,09,13,55.9
021510,,10,03,49.3
021510,,10,23,45.0
021510,,11,12,44.6
021510,,12,02,39.4
021510,,12,22,42.2
021520,,01,11,36.7
021520,,02,01,41.0
021520,,02,22,34.7
021520,,03,14,38.4
021520,,04,16,39.5
021520,,05,06,55.6
021520,,05,26,57.4
021520,,06,16,53.6
021520,,07,06,62.8
021520,,07,26,62.1
021520,,08,15,67.8
021520,,09,04,59.9
021520,,09,24,53.2
021520,,10,14,43.5
021520,,11,03,48.7
021520,,11,23,35.8
021520,,12,13,28.6
021550,,01,02,38.8
021550,,01,22,36.7
021550,,02,11,24.1
021550,,04,03,25.3
021550,,04,23,46.2
021550,,05,13,51.1
021550,,06,03,45.5
021550,,06,23,64.8
021550,,07,13,59.7
021550,,08,02,61.0
021550,,08,22,61.2
021550,,09,11,56.1
021550,,10,01,54.1
021550,,10,21,43.5
021550,,11,10,29.8
021550,,11,30,34.2
021550,,12,20,27.0
021610,,01,09,31.8
021610,,01,29,37.9
021610,,02,18,37.4
021610,,03,10,40.8
021610,,03,30,34.7
021610,,04,19,43.2
021610,,05,09,65.5
021610,,05,29,53.6
021610,,06,19,61.9
021610,,07,09,66.4
021610,,07,29,62.6
021610,,08,18,60.8
021610,,09,07,56.3
021610,,09,27,54.7
021610,,10,17,44.6
021610,,11,06,45.3
021610,,11,26,33.6
021610,,12,16,40.5
021620,,01,05,41.5
021620,,01,25,37.9
021620,,02,14,24.0
021620,,03,06,41.7
021620,,03,26,30.2
021620,,04,15,33.3
021620,,05,05,46.2
021620,,05,25,49.3
021620,,06,15,53.8
021620,,07,05,61.0
021620,,07,25,55.4
021620,,08,23,59.0
021620,,09,12,54.3
021620,,10,02,53.4
021620,,10,22,46.7
021620,,11,11,39.4
021620,,12,01,34.0
021620,,12,21,39.6
021630,,01,10,40.5
021630,,01,30,35.9
021630,,02,20,31.5
021630,,03,12,36.9
021630,,04,01,36.2
021630,,04,21,44.3
021630,,05,11,54.7
021630,,06,01,41.9
021630,,06,21,68.2
021630,,07,11,67.1
021630,,07,31,64.4
021630,,08,20,60.4
021630,,09,09,60.3
021630,,09,29,50.7
021630,,10,19,43.9
021630,,11,08,38.1
021630,,11,28,38.1
021630,,12,18,21.5
021660,,01,07,31.8
021660,,01,27,36.1
021660,,02,17,29.2
021660,,03,09,37.7
021660,,03,29,32.8
021660,,04,18,37.4
021660,,05,08,57.7
021660,,05,28,53.4
021660,,06,18,57.4
021660,,07,08,64.2
021660,,07,28,68.8
021660,,08,17,63.2
021660,,09,06,61.0
021660,,09,26,58.5
021660,,10,16,47.8
021660,,11,05,43.9
021660,,11,25,35.4
021660,,12,15,41.0
021670,,01,04,41.7
021670,,01,24,41.2
021670,,02,13,35.8
021670,,03,05,40.5
021670,,03,25,36.7
021670,,04,14,38.1
021670,,05,04,45.7
021670,,05,24,49.6
021670,,06,14,56.2
021670,,07,04,63.3
021670,,07,24,63.1
021670,,08,13,64.0
021670,,09,02,66.9
021670,,09,22,57.7
021670,,10,12,45.0
021670,,11,01,47.5
021670,,11,21,36.3
021670,,12,11,37.4
021670,,12,31,41.0
021880,,01,23,33.1
021880,,02,12,19.4
021880,,03,13,34.9
021880,,04,02,27.8
021880,,04,22,35.6
021880,,05,12,41.6
021880,,06,02,43.1
021880,,06,22,54.0
021880,,07,12,58.1
021880,,08,01,62.6
021880,,08,22,54.5
021880,,09,11,54.2
021880,,10,02,50.0
021880,,10,22,41.3
021880,,11,11,37.4
021880,,12,01,31.3
021880,,12,21,34.7
022020,,01,13,-1.3
022020,,02,03,37.4
022020,,03,06,16.7
022020,,03,26,21.2
022020,,04,15,23.6
022020,,05,05,39.2
022020,,05,25,36.5
022020,,06,15,44.0
022020,,07,05,44.3
022020,,07,25,63.2
022020,,08,30,44.3
022020,,09,19,41.5
022020,,10,09,30.6
022020,,10,29,20.3
022020,,11,18,11.5
022020,,12,08,20.6
022020,,12,28,23.0
022040,,01,18,4.2
022040,,02,07,23.3
022040,,03,02,4.5
022040,,03,22,28.4
022040,,04,11,18.9
022040,,05,01,34.2
022040,,05,21,43.0
022040,,06,11,40.5
022040,,07,01,50.0
022040,,07,21,46.1
022040,,08,10,54.7
022040,,08,30,43.9
022040,,09,20,46.1
022040,,10,10,36.7
022040,,10,30,2.5
022040,,11,19,11.9
022040,,12,09,-9.9
022040,,12,29,-6.0
022070,,01,18,-7.4
022070,,02,07,20.2
022070,,02,27,23.4
022070,,03,19,22.3
022070,,04,08,22.7
022070,,04,28,34.2
022070,,05,18,43.9
022070,,06,08,55.2
022070,,06,28,46.9
022070,,07,18,48.8
022070,,08,07,50.2
022070,,08,27,43.2
022070,,09,16,44.8
022070,,10,06,39.5
022070,,10,26,35.6
022070,,11,15,29.1
022070,,12,05,17.8
022070,,12,25,14.4
022090,,01,14,11.7
022090,,02,03,41.3
022090,,03,03,22.7
022090,,03,23,11.2
022090,,04,12,19.4
022090,,05,02,33.5
022090,,05,22,45.4
022090,,06,13,45.4
022090,,07,03,46.0
022090,,07,23,51.5
022090,,08,12,52.1
022090,,09,01,47.9
022090,,09,21,44.9
022090,,10,11,42.3
022090,,10,31,21.7
022090,,11,20,13.7
022090,,12,10,2.2
022090,,12,30,21.2
022160,,01,19,7.6
022160,,02,08,30.6
022160,,02,28,22.8
022160,,03,20,26.8
022160,,04,09,23.5
022160,,04,29,32.0
022160,,05,19,43.3
022160,,06,09,43.5
022160,,06,29,47.8
022160,,07,19,51.6
022160,,08,08,64.9
022160,,09,14,46.9
022160,,10,04,36.5
022160,,10,24,32.0
022160,,11,13,34.8
022160,,12,03,24.4
022160,,12,23,21.6
022230,,01,13,12.2
022230,,02,03,37.4
022230,,03,04,30.8
022230,,03,24,29.6
022230,,04,13,29.9
022230,,05,04,38.9
022230,,05,24,46.1
022230,,06,14,44.2
022230,,07,04,53.3
022230,,07,25,64.0
022230,,08,14,53.0
022230,,09,05,50.6
022230,,09,25,42.5
022230,,10,17,41.3
022230,,11,06,30.5
022230,,11,26,25.9
022230,,12,16,16.6
022280,,01,05,27.6
022280,,01,25,24.2
022280,,02,14,-5.5
022280,,03,06,31.7
022280,,03,26,28.7
022280,,04,15,27.5
022280,,05,05,39.6
022280,,05,25,38.9
022280,,06,15,41.8
022280,,07,05,47.2
022280,,07,29,60.5
022280,,08,18,46.7
022280,,09,07,39.2
022280,,09,27,38.6
022280,,10,17,37.9
022280,,11,06,35.6
022280,,11,26,30.7
022280,,12,16,14.9
022300,,01,05,22.3
022300,,01,27,23.2
022300,,02,16,20.8
022300,,03,20,25.2
022300,,04,09,26.4
022300,,04,29,34.2
022300,,05,19,49.2
022300,,06,14,44.3
022300,,07,04,46.9
022420,,01,17,21.7
022420,,02,06,34.9
022420,,02,26,38.8
022420,,03,18,26.8
022420,,04,07,34.2
022420,,04,27,33.3
022420,,05,17,45.6
022420,,06,07,59.5
022420,,06,27,44.4
022420,,07,17,48.7
022420,,08,06,66.7
022420,,08,26,46.9
022420,,09,15,45.0
022420,,10,05,43.7
022420,,10,25,37.8
022420,,11,14,26.6
022420,,12,04,27.0
022420,,12,24,21.2
022430,,01,13,30.2
022430,,02,03,40.4
022430,,03,04,32.3
022430,,03,24,35.0
022430,,04,13,32.3
022430,,05,03,41.9
022430,,05,23,48.2
022430,,06,13,44.3
022430,,07,03,56.5
022430,,07,23,61.1
022430,,08,18,51.2
022430,,09,07,44.6
022430,,09,27,46.8
022430,,10,17,42.8
022430,,11,06,28.4
022430,,11,26,25.1
022430,,12,16,16.7
022470,,01,05,31.7
022470,,01,26,29.1
022470,,02,15,5.4
022470,,03,16,31.1
022470,,04,10,34.4
022470,,04,30,40.7
022470,,05,20,49.7
022470,,06,10,49.1
022470,,06,30,57.2
022470,,07,20,59.0
022470,,08,10,65.9
022470,,08,31,54.0
022470,,09,20,48.9
022470,,10,10,35.6
022470,,10,30,30.2
022470,,11,19,21.2
022470,,12,09,19.8
022470,,12,29,32.0
022510,,01,19,13.6
022510,,02,08,25.4
022510,,03,17,21.6
022510,,04,07,29.0
022510,,04,27,35.3
022510,,05,17,47.3
022510,,06,07,63.3
022510,,06,29,52.5
022510,,07,19,63.0
022510,,08,10,66.8
022510,,08,31,52.5
022510,,09,20,40.4
022510,,10,10,29.9
022510,,10,30,34.4
022510,,11,21,21.8
022510,,12,11,31.7
022510,,12,31,23.6
022550,,01,21,33.8
022550,,02,11,26.3
022550,,03,13,36.3
022550,,04,02,28.7
022550,,04,22,38.5
022550,,05,13,46.1
022550,,06,03,42.8
022550,,06,23,64.4
022550,,07,13,60.5
022550,,08,02,58.1
022550,,08,23,57.5
022550,,09,12,58.6
022550,,10,02,50.0
022550,,10,22,28.7
022550,,11,11,35.3
022550,,12,01,25.7
022550,,12,21,39.2
022570,,01,10,20.5
022570,,01,30,21.9
022570,,02,21,25.3
022570,,03,13,21.2
022570,,04,02,20.0
022570,,04,22,39.6
022570,,05,12,38.9
022570,,06,02,36.8
022570,,06,22,54.9
022570,,07,12,55.7
022570,,08,01,53.3
022570,,08,21,58.5
022570,,09,10,48.5
022570,,09,30,42.8
022570,,10,20,27.7
022570,,11,09,29.4
022570,,11,29,24.2
022570,,12,19,22.7
022600,,01,09,15.5
022600,,01,29,28.4
022600,,02,22,29.3
022600,,03,14,22.5
022600,,04,03,21.7
022600,,04,23,37.0
022600,,05,13,43.2
022600,,06,05,45.9
022600,,06,25,51.0
022600,,07,15,55.6
022600,,08,04,65.7
022600,,08,24,51.6
022600,,09,13,50.0
022600,,10,03,46.2
022600,,10,23,26.0
022600,,11,12,30.4
022600,,12,02,30.4
022600,,12,22,30.7
022620,,01,11,15.0
022620,,02,01,30.6
022620,,02,22,37.4
022620,,03,14,30.2
022620,,04,03,25.2
022620,,04,23,40.7
022620,,05,14,41.7
022620,,06,04,43.9
022620,,06,24,53.4
022620,,07,14,48.9
022620,,08,03,58.3
022620,,08,23,46.6
022620,,09,12,54.1
022620,,10,02,47.3
022620,,10,22,29.1
022620,,11,11,31.7
022620,,12,01,19.2
022620,,12,21,34.2
022640,,01,10,25.5
022640,,01,30,25.4
022640,,02,19,31.1
022640,,03,12,27.5
022640,,04,01,26.6
022640,,04,21,41.0
022640,,05,11,50.5
022640,,06,01,39.0
022640,,06,21,60.8
022640,,07,11,67.5
022640,,08,07,74.5
022640,,08,27,56.8
022640,,09,16,49.3
022640,,10,06,41.5
022640,,10,26,52.0
022640,,11,15,30.7
022640,,12,05,25.7
022640,,12,25,20.4
022790,,01,15,42.4
022790,,02,14,10.8
022790,,03,11,32.9
022790,,03,31,31.4
022790,,04,23,44.2
022790,,05,18,57.5
022790,,06,08,65.3
022790,,06,28,57.7
022790,,07,18,61.4
022790,,08,07,77.0
022790,,08,27,66.8
022790,,09,17,59.0
022790,,10,08,45.8
022790,,10,28,44.2
022790,,11,17,34.4
022790,,12,07,35.3
022790,,12,27,41.9
022800,,01,17,35.2
022800,,02,08,20.8
022800,,02,28,29.7
022800,,03,20,31.3
022800,,04,09,35.9
022800,,04,30,45.4
022800,,05,20,53.1
022800,,06,10,65.7
022800,,06,30,58.3
022800,,07,20,62.2
022800,,08,09,71.4
022800,,08,29,63.6
022800,,09,18,58.1
022800,,10,08,44.1
022800,,10,28,47.7
022800,,11,17,36.9
022800,,12,07,35.3
022800,,12,27,42.4
022810,,01,20,33.8
022810,,02,20,35.1
022810,,03,13,34.5
022810,,04,17,36.5
022810,,05,08,59.0
022810,,05,29,44.6
022810,,06,20,66.2
022810,,07,10,70.1
022810,,07,30,68.0
022810,,08,19,59.4
022810,,09,08,51.5
022810,,09,29,50.9
022810,,10,19,39.8
022810,,11,08,37.1
022810,,11,28,37.4
022810,,12,19,28.4
022840,,01,09,21.6
022840,,02,07,29.5
022840,,03,04,39.9
022840,,03,26,32.6
022840,,04,18,39.7
022840,,05,08,57.8
022840,,05,28,58.1
022840,,06,19,60.8
022840,,07,09,71.3
022840,,08,03,70.4
022840,,08,25,60.8
022840,,09,18,60.8
022840,,10,09,37.1
022840,,10,29,49.3
022840,,11,20,30.8
022840,,12,10,28.8
022840,,12,30,42.2
022890,,01,21,35.2
022890,,02,12,29.8
022960,,01,15,35.6
022960,,02,04,41.2
022960,,02,27,37.8
022960,,03,19,32.9
022960,,04,08,31.7
022960,,04,28,38.5
022960,,05,20,53.2
022960,,06,10,49.3
022960,,06,30,60.1
022960,,07,20,56.8
022960,,08,09,61.3
022960,,08,29,53.1
022960,,09,18,54.9
022960,,10,08,39.4
022960,,10,28,32.3
022960,,11,17,37.2
022960,,12,07,27.9
022960,,12,27,27.4
022980,,01,21,36.3
022980,,03,03,34.2
022980,,03,23,34.7
022980,,04,12,34.4
022980,,05,02,44.6
022980,,05,22,48.2
022980,,06,12,59.3
022980,,07,02,63.8
022980,,07,22,58.7
022980,,08,11,76.7
022980,,09,01,65.6
022980,,09,21,50.9
022980,,10,11,36.5
022980,,10,31,47.6
022980,,11,20,29.0
022980,,12,10,30.5
022980,,12,30,44.2
023050,,01,22,38.3
023050,,02,21,35.6
023050,,03,15,32.0
023050,,04,06,33.4
023050,,04,30,52.2
023050,,05,20,56.0
023050,,06,12,61.1
023050,,07,02,68.0
023050,,07,22,63.2
023050,,08,11,74.3
023050,,08,31,64.8
023050,,09,23,58.4
023050,,10,14,44.9
023050,,11,03,48.2
023050,,11,23,35.6
023050,,12,14,37.1
023120,,01,06,39.2
023120,,01,28,34.4
023120,,02,17,27.3
023120,,03,17,26.6
023120,,04,06,34.1
023120,,04,26,45.2
023120,,05,24,50.6
023120,,06,14,54.8
023120,,07,04,59.3
023120,,07,24,61.1
023120,,08,15,67.7
023120,,09,04,61.4
023120,,09,25,56.6
023120,,10,15,45.8
023120,,11,04,46.7
023120,,11,27,36.8
023120,,12,18,19.4
023180,,01,10,38.9
023180,,02,01,39.5
023180,,02,21,34.2
023180,,03,14,35.8
023180,,04,03,30.6
023180,,04,23,42.8
023180,,05,13,50.5
023180,,06,03,46.6
023180,,07,16,59.2
023180,,08,06,72.9
023180,,08,26,55.2
023180,,09,15,51.8
023180,,10,05,49.1
023180,,10,25,47.7
023180,,11,14,39.2
023180,,12,04,39.7
023180,,12,24,38.2
023210,,01,13,37.4
023210,,02,03,30.5
023210,,03,03,31.6
023210,,03,23,31.4
023210,,04,12,32.9
023210,,05,02,42.8
023210,,05,22,41.7
023210,,06,12,66.5
023210,,07,02,68.3
023210,,07,22,61.4
023210,,08,11,77.3
023210,,08,31,66.5
023210,,09,20,53.0
023210,,10,10,34.9
023210,,10,30,46.4
023210,,11,19,33.8
023210,,12,09,38.6
023210,,12,29,38.3
023250,,01,18,38.4
023250,,02,07,32.0
023250,,03,07,40.5
023250,,03,27,29.9
023250,,04,16,36.4
023250,,05,06,48.7
023250,,05,27,54.4
023250,,06,17,56.4
023250,,07,07,69.8
023250,,08,10,75.5
023250,,08,30,63.9
023250,,09,19,58.5
023250,,10,09,36.9
023250,,10,29,47.4
023250,,11,18,38.2
023250,,12,08,35.3
023250,,12,28,44.3
023290,,01,18,39.2
023290,,02,07,35.0
023290,,03,07,36.8
023290,,03,27,34.4
023290,,04,16,36.8
023290,,05,06,44.3
023290,,05,26,50.3
023290,,06,16,54.2
023290,,07,06,65.6
023290,,07,26,59.6
023290,,08,15,68.3
023290,,09,04,65.3
023290,,09,24,58.3
023290,,10,14,50.3
023290,,11,03,48.2
023290,,11,23,31.4
023290,,12,13,35.6
023330,,01,02,41.0
023330,,01,22,38.2
023330,,02,11,30.5
023330,,03,03,36.2
023330,,03,23,33.8
023330,,04,12,35.9
023330,,05,02,46.4
023330,,05,22,44.6
023330,,06,12,65.7
023330,,07,02,67.5
023330,,07,23,62.9
023330,,08,14,63.6
023330,,09,03,66.2
023330,,09,23,57.7
023330,,10,13,35.6
023330,,11,02,45.6
023330,,11,22,22.7
023330,,12,12,35.1
023340,,01,01,38.3
023340,,01,21,36.5
023340,,02,10,32.0
023340,,03,03,36.6
023340,,04,02,33.1
023340,,04,22,44.9
023340,,05,12,48.9
023340,,06,02,43.0
023340,,06,22,68.7
023340,,07,12,59.2
023340,,08,01,59.9
023340,,09,05,54.5
023340,,09,25,55.8
023340,,10,15,45.3
023340,,11,04,45.1
023340,,11,24,29.5
023340,,12,14,25.2
023370,,01,03,41.5
023370,,01,24,40.1
023370,,02,13,34.2
023370,,03,05,39.5
023370,,03,25,37.0
023370,,04,14,39.2
023370,,05,04,43.5
023370,,05,24,47.1
023370,,06,14,54.1
023370,,07,04,62.6
023370,,07,24,61.9
023370,,08,13,64.4
023370,,09,02,65.3
023370,,09,22,53.4
023370,,10,12,41.7
023370,,11,01,46.6
023370,,11,21,31.1
023370,,12,11,35.1
023370,,12,31,42.0
023430,,01,21,39.8
023430,,02,10,32.7
023430,,03,10,41.9
023430,,03,30,35.3
023430,,04,19,41.3
023430,,05,09,55.4
023430,,05,29,53.6
023430,,06,19,59.0
023430,,07,09,65.0
023430,,07,29,68.0
023430,,08,18,64.4
023430,,09,07,59.3
023430,,09,27,55.8
023430,,11,07,47.3
023430,,11,27,40.4
023430,,12,17,27.8
025080,,01,07,37.1
025080,,01,27,38.0
025080,,02,20,37.7
025080,,03,12,34.9
025080,,04,01,38.6
025080,,04,21,44.6
025080,,05,11,52.1
025080,,06,06,52.4
025080,,06,26,57.8
025080,,07,16,63.7
025080,,08,06,71.6
025080,,08,26,62.0
025080,,09,15,56.5
025080,,10,05,55.7
025080,,10,27,50.3
025080,,11,16,42.2
025080,,12,06,43.4
025080,,12,26,42.8
025180,,01,15,42.8
025180,,02,04,36.4
025180,,02,24,35.6
025180,,03,16,35.3
025180,,04,05,36.5
025180,,04,26,46.1
025180,,05,16,51.8
025180,,06,06,54.1
025180,,06,26,57.7
025180,,07,16,62.9
025180,,08,05,67.0
025180,,08,25,62.3
025180,,09,14,56.4
025180,,10,04,55.1
025180,,10,24,49.5
025180,,11,13,42.3
025180,,12,03,42.5
025180,,12,23,43.8
025230,,01,12,39.8
025230,,02,02,36.2
025230,,02,22,34.2
025230,,03,14,36.9
025230,,04,03,32.8
025230,,04,23,42.8
025230,,05,13,50.7
025230,,06,03,48.6
025230,,06,23,69.1
025230,,07,13,61.9
025230,,08,02,65.7
025230,,08,22,60.6
025230,,09,11,56.1
025230,,10,01,55.4
025230,,10,21,41.0
025230,,11,10,29.3
025230,,11,30,36.7
025230,,12,20,36.1
025240,,01,09,28.4
025240,,01,30,33.5
025240,,02,27,35.2
025240,,03,19,30.2
025240,,04,08,36.7
025240,,04,28,43.2
025240,,05,18,61.4
025240,,06,08,65.0
025240,,06,28,56.0
025240,,08,01,61.7
025240,,08,21,64.4
025240,,09,10,58.1
025240,,09,30,52.4
025240,,10,20,36.8
025240,,11,09,31.7
025240,,11,29,34.7
025240,,12,19,31.7
025660,,01,09,21.2
025660,,01,29,33.4
025660,,02,19,33.1
025660,,03,11,37.1
025660,,03,31,30.5
025660,,04,20,41.2
025660,,05,10,56.8
025660,,06,04,47.8
025660,,06,24,64.2
025660,,07,14,64.4
025660,,08,13,58.3
025660,,09,02,64.4
025660,,09,22,52.9
025660,,10,13,38.4
025660,,11,02,45.5
025660,,11,22,17.4
025660,,12,12,35.6
026540,,01,05,42.0
026540,,01,26,38.6
026540,,02,15,23.5
026540,,03,16,33.0
026540,,04,07,34.6
026540,,04,27,45.9
026540,,05,18,53.6
026540,,06,10,58.0
026540,,06,30,54.1
026540,,07,20,65.2
026540,,08,09,78.3
026540,,08,29,70.6
026540,,09,18,63.4
026540,,10,10,38.7
026540,,11,01,46.4
026540,,11,21,30.2
026540,,12,11,33.5
026800,,01,02,39.4
026800,,01,22,40.0
026800,,02,11,33.8
026800,,03,03,35.8
026800,,03,27,34.5
026800,,04,16,37.2
026800,,05,06,49.8
026800,,05,26,50.7
026800,,06,16,50.9
026800,,07,06,61.0
026800,,07,26,60.6
026800,,08,15,66.9
026800,,09,04,65.3
026800,,09,24,58.1
026800,,10,14,48.4
026800,,11,03,47.5
026800,,11,23,32.0
026800,,12,13,34.3
028050,,01,02,23.9
028050,,01,22,21.4
028050,,02,11,-4.0
028050,,03,03,16.0
028050,,03,23,27.1
028050,,04,12,18.0
028050,,05,02,39.7
028050,,05,22,41.5
028050,,06,12,45.3
028050,,07,02,53.2
028050,,07,22,49.7
028050,,08,11,45.4
028050,,08,31,46.0
028050,,09,20,47.3
028050,,10,10,37.4
028050,,10,30,18.0
028050,,11,19,-0.2
028050,,12,09,11.4
028050,,12,29,6.1
028070,,01,18,19.5
028070,,02,07,17.6
028070,,02,27,27.3
028070,,03,19,23.8
028070,,04,08,21.9
028070,,04,28,33.8
028070,,05,18,42.6
028070,,06,08,44.8
028070,,06,28,44.8
028070,,07,18,42.0
028070,,08,07,53.1
028070,,08,27,44.6
028070,,09,16,47.1
028070,,10,06,37.2
028070,,10,26,32.7
028070,,11,15,31.3
028070,,12,05,27.6
028070,,12,25,-7.9
028230,,01,14,-0.4
028230,,02,03,35.2
028230,,02,23,37.6
028230,,03,15,26.4
028230,,04,04,28.4
028230,,04,24,35.6
028230,,05,14,46.0
028230,,06,04,43.9
028230,,06,24,52.3
028230,,07,14,46.9
028230,,08,03,59.5
028230,,08,23,42.1
028230,,09,12,46.9
028230,,10,02,42.3
028230,,10,22,40.3
028230,,11,11,21.9
028230,,12,01,24.1
028230,,12,21,23.2
028360,,01,10,5.2
028360,,01,30,21.5
028360,,02,19,0.9
028360,,03,11,24.8
028360,,04,10,30.0
028360,,04,30,36.0
028360,,05,20,57.5
028360,,06,10,43.5
028360,,06,30,58.3
028360,,07,20,45.9
028360,,08,09,49.3
028360,,08,29,48.0
028360,,09,18,47.5
028360,,10,08,32.0
028360,,10,28,11.1
028360,,11,17,29.9
028360,,12,07,6.3
028360,,12,27,2.1
028440,,01,16,34.0
028440,,02,05,31.5
028440,,02,25,28.9
028440,,03,17,17.1
028440,,04,06,29.9
028440,,04,26,37.8
028440,,05,16,50.0
028440,,06,06,47.5
028440,,06,26,48.4
028440,,07,16,46.6
028440,,08,05,62.6
028440,,08,25,42.8
028440,,09,14,53.6
028440,,10,04,31.1
028440,,10,24,30.0
028440,,11,13,27.7
028440,,12,03,30.6
028440,,12,23,1.8
028450,,01,12,15.6
028450,,02,01,18.4
028450,,02,21,24.0
028450,,03,13,35.8
028450,,04,02,24.1
028450,,04,22,35.1
028450,,05,12,50.0
028450,,06,02,39.4
028450,,06,22,51.8
028450,,07,12,64.2
028450,,08,01,68.5
028450,,08,21,54.1
028450,,09,10,53.4
028450,,09,30,41.3
028450,,10,20,37.7
028450,,11,09,43.0
028450,,11,29,26.1
028450,,12,19,-8.4
028480,,01,08,-7.4
028480,,01,28,22.7
028480,,02,17,10.9
028480,,03,09,33.0
028480,,03,29,30.9
028480,,04,18,31.0
028480,,05,08,40.5
028480,,05,28,34.2
028480,,06,18,48.5
028480,,07,08,45.7
028480,,07,28,59.9
028480,,08,17,45.0
028480,,09,06,44.8
028480,,09,26,37.1
028480,,10,16,38.5
028480,,11,05,34.5
028480,,11,25,32.5
028480,,12,15,24.6
028640,,01,05,9.4
028640,,01,25,22.2
028640,,02,14,-2.2
028640,,03,06,20.8
028640,,03,26,30.4
028640,,04,15,24.8
028640,,05,05,38.9
028640,,05,25,43.2
028640,,06,15,47.1
028640,,07,05,55.6
028640,,07,25,71.2
028640,,08,14,50.4
028640,,09,03,54.5
028640,,09,23,45.1
028640,,10,13,43.2
028640,,11,02,12.9
028640,,11,22,15.8
028640,,12,12,32.9
028650,,01,01,19.0
028650,,01,21,29.5
028650,,02,14,0.2
028650,,03,06,27.7
028650,,03,26,33.2
028650,,04,16,27.2
028650,,05,07,38.5
028650,,05,28,39.8
028650,,06,19,55.0
028650,,07,09,57.6
028650,,07,29,62.3
028650,,08,19,56.0
028650,,09,08,47.1
028650,,09,28,47.5
028650,,10,19,33.5
028650,,11,09,41.0
028650,,11,29,30.7
028650,,12,19,9.2
028670,,01,08,-4.5
028670,,01,28,23.5
028670,,02,17,-4.9
028670,,03,09,33.5
028670,,03,29,30.9
028670,,04,18,28.4
028670,,05,08,48.4
028670,,05,28,37.2
028670,,06,18,52.8
028670,,07,08,48.4
028670,,07,28,63.1
028670,,08,17,48.0
028670,,09,06,46.9
028670,,09,26,49.3
028670,,10,16,40.3
028670,,11,05,35.8
028670,,11,25,34.2
028670,,12,15,28.4
028690,,01,05,8.6
028690,,01,25,29.2
028690,,02,14,-4.7
028690,,03,06,26.2
028690,,03,26,23.2
028690,,04,15,12.6
028690,,05,05,37.9
028690,,05,25,38.1
028690,,06,15,48.9
028690,,07,05,52.9
028690,,07,25,67.5
028690,,08,14,47.8
028690,,09,03,51.6
028690,,09,23,41.7
028690,,10,13,35.8
